0 2.00001
0.187739 1.98113
0.372922 1.94597
0.554083 1.89611
0.729933 1.83363
0.899393 1.76092
1.06162 1.68047
1.21599 1.59472
1.36212 1.50591
1.49981 1.41599
1.62904 1.32656
1.74992 1.23887
1.86265 1.15383
1.96751 1.07204
2.06483 0.99385
2.15496 0.919363
2.23825 0.848528
2.31502 0.781155
2.38559 0.716956
2.45025 0.655574
2.50924 0.596608
2.56277 0.539632
2.61101 0.484208
2.65407 0.4299
2.69206 0.376278
2.72501 0.322925
2.75293 0.26944
2.77578 0.215442
2.79351 0.160565
2.80601 0.104466
2.81315 0.0468177
2.81478 -0.0126902
2.81069 -0.0743512
2.80068 -0.138443
2.78451 -0.20523
2.76191 -0.274958
2.73258 -0.347858
2.69623 -0.424139
2.65252 -0.503981
2.60112 -0.587529
2.54166 -0.674881
2.47378 -0.766064
2.39714 -0.861017
2.31137 -0.95956
2.21616 -1.06136
2.11123 -1.16588
1.99634 -1.27236
1.87136 -1.37974
1.73628 -1.48664
1.59121 -1.59135
1.43645 -1.6918
1.27252 -1.78563
1.10016 -1.87022
0.920363 -1.94291
0.734383 -2.00107
0.543698 -2.04242
0.349982 -2.06515
0.155047 -2.06816
-0.0392279 -2.05118
-0.23098 -2.01479
-0.41844 -1.96037
-0.599997 -1.88993
-0.774257 -1.80595
-0.94007 -1.71113
-1.09654 -1.60817
-1.24303 -1.49961
-1.37911 -1.38767
-1.50455 -1.27423
-1.61929 -1.16074
-1.72338 -1.04828
-1.81694 -0.937577
-1.90018 -0.829036
-1.97329 -0.722816
-2.03649 -0.618871
-2.09001 -0.517005
-2.134 -0.416907
-2.16863 -0.318193
-2.19401 -0.220435
-2.2102 -0.123181
-2.21723 -0.0259834
-2.21509 0.0715915
-2.20371 0.169943
-2.18302 0.269425
-2.15288 0.370324
-2.11316 0.47285
-2.0637 0.577111
-2.00433 0.683096
-1.93489 0.790643
-1.85525 0.899415
-1.76533 1.00887
-1.66509 1.11823
-1.55458 1.22647
-1.43398 1.33228
-1.30358 1.43408
-1.16384 1.53008
-1.01541 1.61827
-0.859119 1.69658
-0.695991 1.76294
-0.527247 1.81549
-0.354263 1.85267
-0.178543 1.87343
-0.00166159 1.87729
0.174791 1.86441
0.34927 1.8356
0.520336 1.79223
0.686698 1.73613
0.847254 1.66939
1.00111 1.59425
1.14757 1.51292
1.28616 1.42746
1.41657 1.33968
1.53866 1.25112
1.65241 1.16298
1.75791 1.07619
1.85533 0.991354
1.94485 0.908859
2.02672 0.828865
2.10117 0.751362
2.16842 0.676203
2.2287 0.603139
2.28217 0.531845
2.32899 0.461943
2.36927 0.393025
2.40309 0.324661
2.43048 0.256416
2.45142 0.187858
2.46586 0.118561
2.47373 0.0481181
2.47488 -0.0238638
2.46917 -0.0977529
2.45639 -0.173891
2.43631 -0.252588
2.40869 -0.334117
2.37324 -0.418704
2.32966 -0.506516
2.27765 -0.597651
2.2169 -0.692114
2.14709 -0.7898
2.06793 -0.89046
1.97916 -0.993675
1.88057 -1.09882
1.77201 -1.20503
1.65343 -1.31116
1.52491 -1.41579
1.38666 -1.51719
1.23909 -1.61338
1.08278 -1.70214
0.918547 -1.78116
0.747418 -1.84811
0.570632 -1.90088
0.389612 -1.9377
0.205926 -1.9573
0.0212289 -1.95912
-0.162803 -1.94327
-0.344539 -1.9106
-0.522461 -1.86261
-0.695213 -1.80127
-0.861645 -1.72889
-1.02083 -1.64788
-1.17207 -1.56066
-1.31488 -1.46943
-1.44898 -1.37613
-1.57426 -1.28238
-1.69073 -1.18943
-1.79852 -1.09823
-1.89782 -1.00939
-1.98887 -0.923277
-2.07194 -0.840018
-2.1473 -0.75957
-2.2152 -0.681749
-2.27588 -0.606269
-2.32954 -0.532771
-2.37635 -0.460844
-2.41644 -0.390051
-2.4499 -0.319938
-2.47676 -0.250049
-2.49702 -0.179934
-2.51065 -0.109155
-2.51757 -0.0372893
-2.51764 0.036064
-2.51071 0.111282
-2.49659 0.188714
-2.47506 0.268676
-2.44586 0.351447
-2.40872 0.437257
-2.36334 0.526279
-2.30941 0.618614
-2.24663 0.71427
-2.17467 0.81314
-2.09326 0.914973
-2.00212 1.01934
-1.90106 1.1256
-1.78992 1.23287
-1.66867 1.33997
-1.53739 1.44543
-1.39632 1.54747
-1.24588 1.64404
-1.08667 1.73286
-0.919558 1.81154
-0.745599 1.87771
-0.566079 1.9292
-0.38247 1.96423
-0.196388 1.98156
-0.0095304 1.98063
0.176385 1.96167
0.359697 1.9256
0.538863 1.87401
0.712516 1.80898
0.879501 1.73291
1.03889 1.64828
1.19 1.55754
1.33236 1.46292
1.4657 1.36635
1.5899 1.26945
1.70501 1.17345
1.81115 1.07924
1.90852 0.987409
1.99736 0.898284
2.07793 0.811962
2.15049 0.728366
2.2153 0.647283
2.27257 0.568402
2.3225 0.491343
2.36523 0.415681
2.40088 0.340963
2.42952 0.266726
2.45116 0.192507
2.46579 0.117852
2.47335 0.0423218
2.47373 -0.0345014
2.46679 -0.113011
2.45236 -0.193568
2.43023 -0.276499
2.40016 -0.362086
2.36189 -0.450559
2.31513 -0.54208
2.25961 -0.636733
2.19501 -0.734497
2.12107 -0.835225
2.03749 -0.938611
1.94407 -1.04416
1.84063 -1.15116
1.72707 -1.25862
1.60341 -1.36527
1.4698 -1.46956
1.32654 -1.56962
1.17413 -1.66334
1.01328 -1.74842
0.844905 -1.82251
0.670158 -1.88334
0.490384 -1.92891
0.307097 -1.95765
0.121934 -1.96861
-0.0634094 -1.96152
-0.247251 -1.93687
-0.427985 -1.89583
-0.604147 -1.84018
-0.774459 -1.77208
-0.937861 -1.69396
-1.09353 -1.60827
-1.24085 -1.51735
-1.37944 -1.42331
-1.50909 -1.32795
-1.62976 -1.23273
-1.7415 -1.13876
-1.84447 -1.0468
-1.93889 -0.957342
-2.02501 -0.870633
-2.10309 -0.786706
-2.17339 -0.705438
-2.23614 -0.626584
-2.29156 -0.549812
-2.33983 -0.47473
-2.38109 -0.400907
-2.41543 -0.327891
-2.4429 -0.255222
-2.46353 -0.182443
-2.47727 -0.109107
-2.48406 -0.0347819
-2.48379 0.0409408
-2.47629 0.118446
-2.46139 0.198089
-2.43888 0.280187
-2.40849 0.365018
-2.36998 0.452806
-2.32304 0.543711
-2.26739 0.637812
-2.20272 0.735089
-2.12873 0.835395
-2.04516 0.938427
-1.95177 1.0437
-1.84838 1.15048
-1.7349 1.25782
-1.61131 1.36444
-1.47778 1.46879
-1.33458 1.56901
-1.18222 1.66298
-1.02139 1.74842
-0.852993 1.82296
-0.678181 1.88431
-0.498289 1.93044
-0.31483 1.95977
-0.12944 1.97132
0.0561854 1.96478
0.240358 1.94062
0.421465 1.89999
0.598035 1.84465
0.76878 1.77677
0.93263 1.69876
1.08875 1.61309
1.23652 1.52211
1.37556 1.42796
1.50565 1.33243
1.62672 1.237
1.73885 1.1428
1.8422 1.0506
1.93697 0.960915
2.02341 0.873977
2.1018 0.789833
2.17238 0.708364
2.2354 0.629327
2.29107 0.552393
2.33957 0.477169
2.38105 0.403225
2.41561 0.330107
2.44329 0.257356
2.46411 0.184513
2.47805 0.11113
2.48503 0.0367759
2.48494 -0.0389614
2.47763 -0.116467
2.46292 -0.196098
2.44059 -0.278173
2.4104 -0.362971
2.37208 -0.450718
2.32534 -0.541577
2.26989 -0.63563
2.20543 -0.732859
2.13166 -0.833122
2.0483 -0.936121
1.95513 -1.04137
1.85196 -1.14816
1.73869 -1.25553
1.61532 -1.36222
1.48199 -1.46668
1.33898 -1.56706
1.1868 -1.66125
1.02611 -1.74696
0.857843 -1.82182
0.683119 -1.88355
0.503279 -1.9301
0.319832 -1.95987
0.134412 -1.97186
-0.0512839 -1.96575
-0.235566 -1.94198
-0.416819 -1.90171
-0.593565 -1.84665
-0.764509 -1.77899
-0.928576 -1.70113
-1.08492 -1.61555
-1.23293 -1.52459
-1.3722 -1.4304
-1.50251 -1.3348
-1.62381 -1.23927
-1.73615 -1.14493
-1.83968 -1.05259
-1.93463 -0.962736
-2.02124 -0.875633
-2.09977 -0.791321
-2.17049 -0.709687
-2.23362 -0.63049
-2.2894 -0.553402
-2.33799 -0.47803
-2.37954 -0.403945
-2.41416 -0.330694
-2.44189 -0.257817
-2.46275 -0.184855
-2.47672 -0.111359
-2.48371 -0.0368981
-2.48363 0.0389404
-2.47632 0.116542
-2.4616 0.196264
-2.43925 0.278426
-2.40903 0.363307
-2.37067 0.451132
-2.32389 0.542064
-2.2684 0.636185
-2.20388 0.733475
-2.13004 0.833792
-2.04662 0.936835
-1.95338 1.04212
-1.85014 1.14893
-1.7368 1.2563
-1.61336 1.36297
-1.47995 1.46739
-1.33689 1.56771
-1.18464 1.66181
-1.02391 1.74741
-0.855605 1.82213
-0.680861 1.88369
-0.501016 1.93006
-0.317581 1.95964
-0.132192 1.97144
0.0534566 1.96515
0.237675 1.94122
0.418848 1.90079
0.595502 1.84562
0.766344 1.77787
0.930304 1.69996
1.08654 1.61434
1.23443 1.52339
1.37359 1.42922
1.50379 1.33366
1.62498 1.23818
1.73722 1.1439
1.84066 1.05162
1.93553 0.961844
2.02205 0.874812
2.10051 0.790573
2.17116 0.709008
2.23423 0.629877
2.28995 0.55285
2.3385 0.477537
2.38001 0.403506
2.41458 0.330306
2.44228 0.257474
2.46311 0.184554
2.47705 0.111098
2.48402 0.0366718
2.48392 -0.0391345
2.47659 -0.116707
2.46185 -0.196402
2.43949 -0.27854
2.40926 -0.363399
2.3709 -0.451205
2.32412 -0.542119
2.26861 -0.636223
2.20409 -0.7335
2.13026 -0.833804
2.04684 -0.936837
1.9536 -1.04211
1.85035 -1.14892
1.73701 -1.25628
1.61357 -1.36295
1.48017 -1.46738
1.33711 -1.5677
1.18486 -1.66181
1.02413 -1.74741
0.855825 -1.82214
0.681079 -1.88372
0.50123 -1.9301
0.317791 -1.9597
0.132395 -1.97151
-0.0532615 -1.96524
-0.237489 -1.94132
-0.418673 -1.90091
-0.595337 -1.84575
-0.766192 -1.778
-0.930164 -1.70009
-1.08641 -1.61448
-1.23432 -1.52352
-1.37349 -1.42935
-1.5037 -1.33378
-1.6249 -1.23829
-1.73715 -1.14401
-1.8406 -1.05173
-1.93548 -0.961942
-2.02201 -0.874904
-2.10048 -0.790659
-2.17113 -0.709088
-2.23422 -0.629953
-2.28994 -0.552922
-2.33849 -0.477605
-2.38001 -0.403571
-2.41459 -0.330368
-2.44229 -0.257535
-2.46313 -0.184613
-2.47708 -0.111155
-2.48405 -0.036729
-2.48396 0.0390775
-2.47663 0.11665
-2.4619 0.196345
-2.43955 0.278482
-2.40932 0.363339
-2.37096 0.451143
-2.32419 0.542056
-2.26869 0.636159
-2.20417 0.733434
-2.13034 0.833737
-2.04693 0.936769
-1.9537 1.04204
-1.85046 1.14885
-1.73713 1.25621
-1.61369 1.36289
-1.4803 1.46731
-1.33724 1.56764
-1.185 1.66175
-1.02427 1.74737
-0.855971 1.82211
-0.681227 1.8837
-0.50138 1.93009
-0.317941 1.95971
-0.132544 1.97153
0.0531146 1.96527
0.237345 1.94136
0.418534 1.90096
0.595204 1.84581
0.766064 1.77807
0.930042 1.70016
1.0863 1.61455
1.23421 1.52359
1.37339 1.42942
1.50361 1.33385
1.62481 1.23836
1.73707 1.14408
1.84053 1.05179
1.93541 0.961997
2.02195 0.874954
2.10042 0.790704
2.17108 0.709128
2.23416 0.629988
2.28989 0.552953
2.33845 0.477631
2.37996 0.403593
2.41455 0.330386
2.44225 0.257549
2.46309 0.184624
2.47704 0.111163
2.48401 0.0367331
2.48392 -0.0390764
2.47659 -0.116652
2.46186 -0.196349
2.43951 -0.278489
2.40928 -0.363349
2.37092 -0.451155
2.32414 -0.54207
2.26865 -0.636175
2.20413 -0.733451
2.1303 -0.833756
2.04688 -0.936789
1.95365 -1.04206
1.85041 -1.14887
1.73707 -1.25624
1.61364 -1.36291
1.48024 -1.46733
1.33718 -1.56766
1.18494 -1.66177
1.02421 -1.74738
0.855906 -1.82212
0.681161 -1.8837
0.501314 -1.93009
0.317876 -1.9597
0.132479 -1.97152
-0.0531776 -1.96525
-0.237406 -1.94134
-0.418592 -1.90093
-0.59526 -1.84578
-0.766117 -1.77804
-0.930092 -1.70013
-1.08634 -1.61452
-1.23425 -1.52356
-1.37343 -1.42939
-1.50364 -1.33382
-1.62485 -1.23833
-1.7371 -1.14405
-1.84056 -1.05176
-1.93543 -0.961971
-2.02197 -0.874931
-2.10044 -0.790682
-2.1711 -0.709109
-2.23418 -0.62997
-2.28991 -0.552937
-2.33846 -0.477617
-2.37998 -0.40358
-2.41456 -0.330374
-2.44226 -0.257539
-2.4631 -0.184615
-2.47705 -0.111155
-2.48402 -0.0367265
-2.48392 0.0390821
-2.4766 0.116657
-2.46187 0.196353
-2.43951 0.278492
-2.40929 0.363352
-2.37093 0.451157
-2.32415 0.542072
-2.26865 0.636176
-2.20413 0.733452
-2.1303 0.833756
-2.04689 0.936789
-1.95365 1.04206
-1.85042 1.14887
-1.73708 1.25624
-1.61364 1.36291
-1.48025 1.46733
-1.33718 1.56766
-1.18494 1.66177
-1.02422 1.74738
-0.855912 1.82212
-0.681167 1.8837
-0.50132 1.93009
-0.317881 1.9597
-0.132485 1.97152
0.0531724 1.96525
0.237401 1.94134
0.418588 1.90094
0.595255 1.84578
0.766113 1.77804
0.930089 1.70013
1.08634 1.61452
1.23425 1.52356
1.37342 1.42939
1.50364 1.33382
1.62485 1.23833
1.7371 1.14405
1.84056 1.05176
1.93543 0.961974
2.02197 0.874933
2.10044 0.790684
2.1711 0.709111
2.23418 0.629972
2.28991 0.552939
2.33846 0.477619
2.37998 0.403582
2.41456 0.330376
2.44226 0.257541
2.4631 0.184617
2.47705 0.111157
2.48402 0.0367281
2.48393 -0.0390805
2.4766 -0.116655
2.46187 -0.196352
2.43951 -0.27849
2.40929 -0.36335
2.37093 -0.451156
2.32415 -0.54207
2.26865 -0.636174
2.20414 -0.73345
2.13031 -0.833754
2.04689 -0.936787
1.95366 -1.04206
1.85042 -1.14887
1.73708 -1.25623
1.61365 -1.36291
1.48025 -1.46733
1.33719 -1.56765
1.18495 -1.66177
1.02422 -1.74738
0.855916 -1.82212
0.681172 -1.8837
0.501325 -1.93009
0.317886 -1.9597
0.132489 -1.97152
-0.053168 -1.96525
-0.237397 -1.94134
-0.418584 -1.90094
-0.595251 -1.84578
-0.76611 -1.77804
-0.930085 -1.70013
-1.08634 -1.61452
-1.23425 -1.52356
-1.37342 -1.42939
-1.50364 -1.33382
-1.62484 -1.23834
-1.7371 -1.14405
-1.84055 -1.05176
-1.93543 -0.961976
-2.02197 -0.874935
-2.10044 -0.790686
-2.17109 -0.709112
-2.23418 -0.629973
-2.28991 -0.552939
-2.33846 -0.47762
-2.37998 -0.403583
-2.41456 -0.330377
-2.44226 -0.257541
-2.4631 -0.184617
-2.47705 -0.111157
-2.48402 -0.0367282
-2.48392 0.0390805
-2.4766 0.116655
-2.46187 0.196352
-2.43951 0.278491
-2.40929 0.36335
-2.37093 0.451156
-2.32415 0.54207
-2.26865 0.636175
-2.20413 0.733451
-2.1303 0.833755
-2.04689 0.936788
-1.95365 1.04206
-1.85042 1.14887
-1.73708 1.25623
-1.61364 1.36291
-1.48025 1.46733
-1.33719 1.56766
-1.18495 1.66177
-1.02422 1.74738
-0.855914 1.82212
-0.68117 1.8837
-0.501323 1.93009
-0.317884 1.9597
-0.132487 1.97152
0.0531698 1.96525
0.237399 1.94134
0.418585 1.90094
0.595253 1.84578
0.766111 1.77804
0.930086 1.70013
1.08634 1.61452
1.23425 1.52356
1.37342 1.42939
1.50364 1.33382
1.62484 1.23833
1.7371 1.14405
1.84055 1.05176
1.93543 0.961975
2.02197 0.874934
2.10044 0.790685
2.17109 0.709111
2.23418 0.629973
2.28991 0.552939
2.33846 0.477619
2.37998 0.403582
2.41456 0.330376
2.44226 0.257541
2.4631 0.184617
2.47705 0.111157
2.48402 0.036728
2.48393 -0.0390806
2.4766 -0.116655
2.46187 -0.196352
2.43951 -0.278491
2.40929 -0.36335
2.37093 -0.451156
2.32415 -0.54207
2.26865 -0.636175
2.20414 -0.733451
2.13031 -0.833755
2.04689 -0.936788
1.95365 -1.04206
1.85042 -1.14887
1.73708 -1.25623
1.61364 -1.36291
1.48025 -1.46733
1.33719 -1.56766
1.18495 -1.66177
1.02422 -1.74738
0.855914 -1.82212
0.68117 -1.8837
0.501323 -1.93009
0.317884 -1.9597
0.132488 -1.97152
-0.0531697 -1.96525
-0.237399 -1.94134
-0.418585 -1.90094
-0.595253 -1.84578
-0.766111 -1.77804
-0.930086 -1.70013
-1.08634 -1.61452
-1.23425 -1.52356
-1.37342 -1.42939
-1.50364 -1.33382
-1.62484 -1.23833
-1.7371 -1.14405
-1.84055 -1.05176
-1.93543 -0.961975
-2.02197 -0.874934
-2.10044 -0.790685
-2.17109 -0.709111
-2.23418 -0.629973
-2.28991 -0.552939
-2.33846 -0.477619
-2.37998 -0.403582
-2.41456 -0.330376
-2.44226 -0.257541
-2.4631 -0.184617
-2.47705 -0.111157
-2.48402 -0.0367281
-2.48393 0.0390806
-2.4766 0.116655
-2.46187 0.196352
-2.43951 0.278491
-2.40929 0.36335
-2.37093 0.451156
-2.32415 0.54207
-2.26865 0.636175
-2.20414 0.733451
-2.13031 0.833755
-2.04689 0.936788
-1.95365 1.04206
-1.85042 1.14887
-1.73708 1.25623
-1.61364 1.36291
-1.48025 1.46733
-1.33719 1.56766
-1.18495 1.66177
-1.02422 1.74738
-0.855915 1.82212
-0.68117 1.8837
-0.501323 1.93009
-0.317884 1.9597
-0.132488 1.97152
0.0531696 1.96525
0.237398 1.94134
0.418585 1.90094
0.595253 1.84578
0.766111 1.77804
0.930086 1.70013
1.08634 1.61452
1.23425 1.52356
1.37342 1.42939
1.50364 1.33382
1.62484 1.23833
1.7371 1.14405
1.84055 1.05176
1.93543 0.961975
2.02197 0.874934
2.10044 0.790685
2.17109 0.709112
2.23418 0.629973
2.28991 0.552939
2.33846 0.477619
2.37998 0.403583
2.41456 0.330376
2.44226 0.257541
2.4631 0.184617
2.47705 0.111157
2.48402 0.0367281
2.48393 -0.0390806
2.4766 -0.116655
2.46187 -0.196352
2.43951 -0.278491
2.40929 -0.36335
2.37093 -0.451156
2.32415 -0.54207
2.26865 -0.636175
2.20414 -0.733451
2.13031 -0.833755
2.04689 -0.936788
1.95365 -1.04206
1.85042 -1.14887
1.73708 -1.25623
1.61364 -1.36291
1.48025 -1.46733
1.33719 -1.56766
1.18495 -1.66177
1.02422 -1.74738
0.855914 -1.82212
0.68117 -1.8837
0.501323 -1.93009
0.317884 -1.9597
0.132488 -1.97152
-0.0531696 -1.96525
-0.237399 -1.94134
-0.418585 -1.90094
-0.595253 -1.84578
-0.766111 -1.77804
-0.930086 -1.70013
-1.08634 -1.61452
-1.23425 -1.52356
-1.37342 -1.42939
-1.50364 -1.33382
-1.62484 -1.23833
-1.7371 -1.14405
-1.84055 -1.05176
-1.93543 -0.961975
-2.02197 -0.874934
-2.10044 -0.790685
-2.17109 -0.709112
-2.23418 -0.629973
-2.28991 -0.552939
-2.33846 -0.477619
-2.37998 -0.403583
-2.41456 -0.330376
-2.44226 -0.257541
-2.4631 -0.184617
-2.47705 -0.111157
-2.48402 -0.0367281
-2.48393 0.0390806
-2.4766 0.116655
-2.46187 0.196352
-2.43951 0.278491
-2.40929 0.36335
-2.37093 0.451156
-2.32415 0.54207
-2.26865 0.636175
-2.20414 0.733451
-2.13031 0.833755
-2.04689 0.936788
-1.95365 1.04206
-1.85042 1.14887
-1.73708 1.25623
-1.61364 1.36291
-1.48025 1.46733
-1.33719 1.56766
-1.18495 1.66177
-1.02422 1.74738
-0.855914 1.82212
-0.68117 1.8837
-0.501323 1.93009
-0.317884 1.9597
-0.132488 1.97152
0.0531696 1.96525
0.237398 1.94134
0.418585 1.90094
0.595253 1.84578
0.766111 1.77804
0.930086 1.70013
1.08634 1.61452
1.23425 1.52356
1.37342 1.42939
1.50364 1.33382
1.62484 1.23833
1.7371 1.14405
1.84055 1.05176
1.93543 0.961975
2.02197 0.874934
2.10044 0.790685
2.17109 0.709112
2.23418 0.629973
2.28991 0.552939
2.33846 0.477619
2.37998 0.403583
2.41456 0.330376
2.44226 0.257541
2.4631 0.184617
2.47705 0.111157
2.48402 0.0367281
2.48393 -0.0390806
2.4766 -0.116655
2.46187 -0.196352
2.43951 -0.278491
2.40929 -0.36335
2.37093 -0.451156
2.32415 -0.54207
2.26865 -0.636175
2.20414 -0.733451
2.13031 -0.833755
2.04689 -0.936788
1.95365 -1.04206
1.85042 -1.14887
1.73708 -1.25623
1.61364 -1.36291
1.48025 -1.46733
1.33719 -1.56766
1.18495 -1.66177
1.02422 -1.74738
0.855914 -1.82212
0.68117 -1.8837
0.501323 -1.93009
0.317884 -1.9597
0.132488 -1.97152
-0.0531696 -1.96525
-0.237398 -1.94134
-0.418585 -1.90094
-0.595253 -1.84578
-0.766111 -1.77804
-0.930086 -1.70013
-1.08634 -1.61452
-1.23425 -1.52356
-1.37342 -1.42939
-1.50364 -1.33382
-1.62484 -1.23833
-1.7371 -1.14405
-1.84055 -1.05176
-1.93543 -0.961975
-2.02197 -0.874934
-2.10044 -0.790685
-2.17109 -0.709112
-2.23418 -0.629973
-2.28991 -0.552939
-2.33846 -0.477619
-2.37998 -0.403583
-2.41456 -0.330376
-2.44226 -0.257541
-2.4631 -0.184617
-2.47705 -0.111157
-2.48402 -0.0367281
-2.48393 0.0390806
-2.4766 0.116655
-2.46187 0.196352
-2.43951 0.278491
-2.40929 0.36335
-2.37093 0.451156
-2.32415 0.54207
-2.26865 0.636175
-2.20414 0.733451
-2.13031 0.833755
-2.04689 0.936788
-1.95365 1.04206
-1.85042 1.14887
-1.73708 1.25623
-1.61364 1.36291
-1.48025 1.46733
-1.33719 1.56766
-1.18495 1.66177
-1.02422 1.74738
-0.855914 1.82212
-0.68117 1.8837
