        inf
          0
          0
          0
          0
          0
          0
          0
          0
          0
          0
          0
          0
          0
          0
          0
          0
          0
          0
          0
          0
          0
          0
          0
          0
          0
          0
          0
          0
          0
          0
          0
          0
          0
          0
          0
          0
          0
          0
          0
          0
          0
          0
          0
          0
          0
          0
          0
          0
          0
          0
          0
          0
          0
          0
          0
          0
          0
          0
          0
          0
          0
          0
          0
          0
          0
          0
          0
          0
          0
          0
          0
          0
          0
          0
          0
          0
          0
          0
          0
          0
          0
          0
          0
          0
2.44862e-05
0.000169315
 0.00100572
 0.00544705
  0.0178947
  0.0510047
   0.121338
    0.25923
   0.469811
   0.782475
    1.18653
    1.68271
    2.22503
    2.78578
    3.34954
    3.86917
    4.29349
    4.66429
     4.9658
    5.11418
    5.22181
    5.28747
    5.28012
     5.1454
    5.04873
    4.91756
    4.76608
    4.54874
    4.35768
    4.17657
    3.96256
     3.7494
    3.57444
    3.40255
    3.22155
     3.0634
    2.90439
    2.73474
    2.59955
    2.45999
    2.34559
    2.21021
    2.11302
    1.98801
    1.91387
    1.82655
    1.74266
    1.66002
    1.59835
    1.52344
    1.45884
    1.39189
    1.34039
    1.28202
    1.23983
      1.195
    1.15985
    1.11063
     1.0886
    1.05228
    1.02176
   0.994233
   0.970149
   0.939953
   0.920846
    0.90413
   0.882488
   0.864783
   0.848094
    0.83358
   0.814269
   0.801629
   0.798343
   0.793538
   0.784043
   0.778386
   0.764397
   0.762001
   0.770802
   0.765169
   0.768695
   0.775738
   0.783247
   0.785607
    0.78849
   0.801722
   0.815153
   0.828105
   0.843972
   0.859809
   0.874576
    0.90469
   0.924822
   0.947115
   0.975791
    1.00978
     1.0302
    1.06925
    1.08895
    1.13228
    1.16764
    1.20089
    1.23439
    1.27491
    1.30572
    1.35504
    1.39355
    1.42972
    1.47839
    1.52471
    1.56779
    1.61997
    1.67122
    1.71152
    1.78066
     1.8301
    1.86357
    1.89907
    1.94063
    1.97542
    2.00913
    2.03854
    2.06381
    2.07672
    2.08528
    2.10144
    2.10194
    2.11415
    2.11728
    2.11686
    2.10803
    2.07103
    2.04797
    2.02875
     2.0186
    1.99348
    1.96811
    1.93982
    1.90323
    1.87278
    1.82958
    1.80822
    1.76837
    1.74993
    1.71528
    1.66903
    1.63921
     1.6052
    1.57641
    1.53534
    1.50592
    1.47957
    1.46148
    1.42185
    1.39425
    1.37089
    1.33946
    1.30613
    1.28493
    1.26008
     1.2365
    1.22196
    1.19212
    1.17045
     1.1439
    1.13268
    1.12431
    1.10763
    1.08322
    1.06511
    1.06005
    1.04453
    1.03075
    1.01949
    1.00646
    1.00445
    1.00296
   0.995005
   0.983032
   0.976835
   0.980188
   0.976697
   0.968556
   0.970573
   0.968029
   0.977666
    0.98344
   0.980119
   0.986142
   0.993363
   0.993966
    1.00038
    1.01949
    1.02722
    1.03862
    1.04675
    1.06247
    1.07291
    1.09364
    1.10264
     1.1165
    1.12446
    1.14204
    1.15089
    1.17001
    1.18921
    1.20266
    1.21723
    1.21775
    1.23728
    1.25366
    1.28469
    1.28748
    1.30412
    1.31438
    1.31947
    1.33191
     1.3401
    1.36107
    1.37084
    1.38126
     1.3895
    1.38202
    1.38465
    1.39614
      1.394
    1.40153
    1.39865
    1.39947
    1.39395
    1.39448
    1.39341
    1.38891
    1.38812
       1.39
    1.38784
    1.37832
    1.36081
    1.34683
    1.34527
    1.33113
    1.32746
    1.32472
    1.31411
    1.30079
    1.29163
    1.27171
    1.26253
      1.251
    1.23759
    1.22292
    1.21981
    1.20427
    1.19285
    1.17399
    1.15811
    1.15082
    1.13906
    1.12814
    1.12382
    1.11686
     1.1023
    1.09591
    1.08085
    1.06395
    1.05441
    1.04802
    1.03422
     1.0295
     1.0211
    1.01509
     1.0036
   0.999356
   0.986884
   0.977484
   0.971614
   0.963885
   0.959617
   0.956299
   0.956416
    0.94683
   0.941589
   0.940278
   0.935291
   0.935369
    0.93537
   0.932754
    0.93156
   0.928819
   0.930747
   0.933071
   0.932421
   0.935984
   0.935969
   0.943148
    0.94336
   0.949258
    0.95253
   0.946936
   0.957077
   0.958298
   0.964691
   0.969523
    0.97223
   0.976669
   0.982771
    0.98727
   0.985182
   0.997145
    1.00093
    1.00213
    1.00367
    1.01543
    1.01735
    1.02358
     1.0279
    1.02515
    1.02829
    1.03156
    1.02755
    1.03028
    1.03529
    1.03591
    1.03333
    1.03679
    1.03622
    1.04032
    1.04296
    1.04103
    1.03448
     1.0357
    1.03635
    1.02705
    1.02358
    1.02273
    1.01907
    1.01214
    1.01129
    1.00876
    1.00686
    1.00466
    1.00077
    1.00062
   0.994156
    0.99283
   0.983561
   0.981149
     0.9719
   0.965584
   0.960716
   0.951149
   0.944085
   0.939812
   0.931479
   0.930577
   0.925432
   0.917421
   0.916126
   0.908862
   0.904099
   0.895634
   0.888459
   0.880629
   0.881405
    0.87281
