0.142143
0.119381
0.105563
0.096502
0.0901743
0.0855299
0.0819857
0.0791975
0.0769504
0.0751039
0.0735626
0.072259
0.0711443
0.0701821
0.0693449
0.0686113
0.0679646
0.0673914
0.0668808
0.0664241
0.066014
0.0656444
0.0653102
0.0650073
0.0647318
0.0644808
0.0642515
0.0640416
0.0638491
0.0636722
0.0635094
0.0633592
0.0632206
0.0630925
0.0629739
0.0628639
0.0627618
0.062667
0.0625788
0.0624967
0.0624201
0.0623488
0.0622821
0.0622199
0.0621617
0.0621072
0.0620562
0.0620084
0.0619635
0.0619215
0.061882
0.0618449
0.06181
0.0617772
0.0617463
0.0617173
0.0616899
0.0616641
0.0616398
0.0616169
0.0615952
0.0615748
0.0615555
0.0615373
0.0615201
0.0615038
0.0614884
0.0614739
0.0614601
0.061447
0.0614347
0.061423
0.0614119
0.0614014
0.0613914
0.061382
0.061373
0.0613645
0.0613564
0.0613488
0.0613415
0.0613346
0.061328
0.0613218
0.0613159
0.0613102
0.0613049
0.0612998
0.0612949
0.0612903
0.061286
0.0612818
0.0612778
0.061274
0.0612704
0.061267
0.0612637
0.0612606
0.0612577
0.0612549
0.0612522
0.0612496
0.0612472
0.0612448
0.0612426
0.0612405
0.0612385
0.0612365
0.0612347
0.0612329
0.0612312
0.0612296
0.0612281
0.0612267
0.0612253
0.0612239
0.0612227
0.0612215
0.0612203
0.0612192
0.0612181
0.0612171
0.0612162
0.0612152
0.0612143
0.0612135
0.0612127
0.0612119
0.0612112
0.0612105
0.0612098
0.0612092
0.0612085
0.061208
0.0612074
0.0612068
0.0612063
0.0612058
0.0612054
0.0612049
0.0612045
0.0612041
0.0612037
0.0612033
0.0612029
0.0612026
0.0612022
0.0612019
0.0612016
0.0612013
0.061201
0.0612008
0.0612005
0.0612003
0.0612
0.0611998
0.0611996
0.0611994
0.0611992
0.061199
0.0611988
0.0611986
0.0611984
0.0611983
0.0611981
0.061198
0.0611978
0.0611977
0.0611976
0.0611974
0.0611973
0.0611972
0.0611971
0.061197
0.0611969
0.0611968
0.0611967
0.0611966
0.0611965
0.0611964
0.0611964
0.0611963
0.0611962
0.0611961
0.0611961
0.061196
0.0611959
0.0611959
0.0611958
0.0611958
0.0611957
0.0611957
0.0611956
0.0611956
0.0611955
0.0611955
0.0611954
0.0611954
0.0611954
0.0611953
0.0611953
0.0611953
0.0611952
0.0611952
0.0611952
0.0611951
0.0611951
0.0611951
0.0611951
0.061195
0.061195
0.061195
0.061195
0.0611949
0.0611949
0.0611949
0.0611949
0.0611949
0.0611949
0.0611948
0.0611948
0.0611948
0.0611948
0.0611948
0.0611948
0.0611948
0.0611947
0.0611947
0.0611947
0.0611947
0.0611947
0.0611947
0.0611947
0.0611947
0.0611947
0.0611947
0.0611946
0.0611946
0.0611946
0.0611946
0.0611946
0.0611946
0.0611946
0.0611946
0.0611946
0.0611946
0.0611946
0.0611946
0.0611946
0.0611946
0.0611946
0.0611945
0.0611945
0.0611945
0.0611945
0.0611945
0.0611945
0.0611945
0.0611945
0.0611945
0.0611945
0.0611945
0.0611945
0.0611945
0.0611945
0.0611945
0.0611945
0.0611945
0.0611945
0.0611945
0.0611945
0.0611945
0.0611945
0.0611945
0.0611945
0.0611945
0.0611945
0.0611945
0.0611945
0.0611945
0.0611945
0.0611945
0.0611945
0.0611945
0.0611945
0.0611945
0.0611945
0.0611945
0.0611945
0.0611945
0.0611945
0.0611945
0.0611945
0.0611945
0.0611945
0.0611945
0.0611945
0.0611945
0.0611945
0.0611944
0.0611944
0.0611944
0.0611944
0.0611944
0.0611944
0.0611944
0.0611944
0.0611944
0.0611944
0.0611944
0.0611944
0.0611944
0.0611944
0.0611944
0.0611944
0.0611944
0.0611944
