0.25865
0.211413
0.181996
0.162202
0.148016
0.13733
0.128962
0.122206
0.116619
0.111908
0.107874
0.104374
0.101303
0.0985841
0.0961573
0.0939761
0.0920038
0.0902106
0.0885725
0.0870696
0.0856855
0.0844062
0.08322
0.082117
0.0810886
0.0801274
0.079227
0.0783817
0.0775866
0.0768374
0.0761303
0.0754618
0.0748288
0.0742287
0.0736589
0.0731173
0.0726019
0.0721109
0.0716426
0.0711955
0.0707683
0.0703597
0.0699685
0.0695938
0.0692345
0.0688897
0.0685587
0.0682406
0.0679348
0.0676405
0.0673573
0.0670844
0.0668215
0.0665679
0.0663232
0.0660871
0.065859
0.0656387
0.0654257
0.0652198
0.0650205
0.0648276
0.0646409
0.0644601
0.0642848
0.064115
0.0639503
0.0637905
0.0636355
0.0634851
0.0633391
0.0631972
0.0630595
0.0629256
0.0627954
0.0626689
0.0625459
0.0624262
0.0623097
0.0621964
0.0620861
0.0619787
0.0618741
0.0617722
0.0616729
0.0615761
0.0614818
0.0613899
0.0613003
0.0612128
0.0611276
0.0610444
0.0609632
0.0608839
0.0608066
0.0607311
0.0606573
0.0605853
0.060515
0.0604463
0.0603791
0.0603135
0.0602494
0.0601867
0.0601254
0.0600655
0.0600069
0.0599496
0.0598936
0.0598388
0.0597851
0.0597326
0.0596813
0.059631
0.0595818
0.0595336
0.0594864
0.0594402
0.059395
0.0593507
0.0593073
0.0592648
0.0592232
0.0591824
0.0591424
0.0591032
0.0590648
0.0590272
0.0589903
0.0589541
0.0589187
0.0588839
0.0588498
0.0588164
0.0587836
0.0587514
0.0587199
0.0586889
0.0586586
0.0586288
0.0585995
0.0585709
0.0585427
0.0585151
0.058488
0.0584613
0.0584352
0.0584096
0.0583844
0.0583597
0.0583354
0.0583115
0.0582881
0.0582651
0.0582425
0.0582203
0.0581985
0.0581771
0.0581561
0.0581354
0.0581151
0.0580952
0.0580756
0.0580563
0.0580374
0.0580188
0.0580005
0.0579825
0.0579648
0.0579475
0.0579304
0.0579136
0.0578971
0.0578809
0.0578649
0.0578492
0.0578338
0.0578186
0.0578037
0.057789
0.0577746
0.0577604
0.0577464
0.0577327
0.0577192
0.0577059
0.0576928
0.0576799
0.0576673
0.0576548
0.0576425
0.0576305
0.0576186
0.0576069
0.0575954
0.0575841
0.057573
0.057562
0.0575512
0.0575406
0.0575301
0.0575199
0.0575097
0.0574998
0.0574899
0.0574803
0.0574707
0.0574614
0.0574521
0.0574431
0.0574341
0.0574253
0.0574166
0.0574081
0.0573997
0.0573914
0.0573832
0.0573752
0.0573672
0.0573594
0.0573518
0.0573442
0.0573367
0.0573294
0.0573221
0.057315
0.057308
0.0573011
0.0572942
0.0572875
0.0572809
0.0572744
0.057268
0.0572616
0.0572554
0.0572492
0.0572432
0.0572372
0.0572313
0.0572255
0.0572198
0.0572141
0.0572086
0.0572031
0.0571977
0.0571924
0.0571871
0.057182
0.0571769
0.0571718
0.0571669
0.057162
0.0571572
0.0571524
0.0571478
0.0571431
0.0571386
0.0571341
0.0571297
0.0571253
0.057121
0.0571168
0.0571126
0.0571085
0.0571044
0.0571004
0.0570964
0.0570925
0.0570887
0.0570849
0.0570812
0.0570775
0.0570738
0.0570702
0.0570667
0.0570632
0.0570597
0.0570563
0.057053
0.0570497
0.0570464
0.0570432
0.05704
0.0570369
0.0570338
0.0570308
0.0570277
0.0570248
0.0570218
0.057019
0.0570161
0.0570133
0.0570105
0.0570078
0.0570051
0.0570024
0.0569998
0.0569972
0.0569946
0.0569921
0.0569896
0.0569871
0.0569847
0.0569823
0.0569799
0.0569776
0.0569753
0.056973
0.0569708
0.0569686
0.0569664
0.0569642
0.0569621
0.05696
0.0569579
0.0569559
0.0569538
0.0569518
0.0569499
0.0569479
0.056946
0.0569441
0.0569422
0.0569404
0.0569386
0.0569368
0.056935
0.0569332
0.0569315
0.0569298
0.0569281
0.0569264
0.0569248
0.0569232
0.0569216
0.05692
0.0569184
0.0569169
0.0569153
0.0569138
0.0569124
0.0569109
0.0569094
0.056908
0.0569066
0.0569052
0.0569038
0.0569025
0.0569011
0.0568998
0.0568985
0.0568972
0.0568959
0.0568946
0.0568934
0.0568922
0.0568909
0.0568897
0.0568886
0.0568874
0.0568862
0.0568851
0.056884
0.0568828
0.0568817
0.0568807
0.0568796
0.0568785
0.0568775
0.0568764
0.0568754
0.0568744
0.0568734
0.0568724
0.0568715
0.0568705
0.0568695
0.0568686
0.0568677
0.0568668
0.0568659
0.056865
0.0568641
0.0568632
0.0568623
0.0568615
0.0568607
0.0568598
0.056859
0.0568582
0.0568574
0.0568566
0.0568558
0.056855
0.0568543
0.0568535
0.0568528
0.056852
0.0568513
0.0568506
0.0568499
0.0568492
0.0568485
0.0568478
0.0568471
0.0568465
0.0568458
0.0568452
0.0568445
0.0568439
0.0568432
0.0568426
0.056842
0.0568414
0.0568408
0.0568402
0.0568396
0.056839
0.0568385
0.0568379
0.0568373
0.0568368
0.0568362
0.0568357
0.0568352
0.0568346
0.0568341
0.0568336
0.0568331
0.0568326
0.0568321
0.0568316
0.0568311
0.0568306
0.0568302
0.0568297
0.0568292
0.0568288
0.0568283
0.0568279
0.0568274
0.056827
0.0568266
0.0568261
0.0568257
0.0568253
0.0568249
0.0568245
0.0568241
0.0568237
0.0568233
0.0568229
0.0568225
0.0568221
0.0568217
0.0568214
0.056821
0.0568206
0.0568203
0.0568199
0.0568196
0.0568192
0.0568189
0.0568185
0.0568182
0.0568179
0.0568176
0.0568172
0.0568169
0.0568166
0.0568163
0.056816
0.0568157
0.0568154
0.0568151
0.0568148
0.0568145
0.0568142
0.0568139
0.0568136
0.0568133
0.0568131
0.0568128
0.0568125
0.0568123
0.056812
0.0568117
0.0568115
0.0568112
0.056811
0.0568107
0.0568105
0.0568102
0.05681
0.0568097
0.0568095
0.0568093
0.0568091
0.0568088
0.0568086
0.0568084
0.0568082
0.0568079
0.0568077
0.0568075
0.0568073
0.0568071
0.0568069
0.0568067
0.0568065
0.0568063
0.0568061
0.0568059
0.0568057
0.0568055
0.0568053
0.0568051
0.0568049
0.0568048
0.0568046
0.0568044
0.0568042
0.0568041
0.0568039
0.0568037
0.0568035
0.0568034
0.0568032
0.0568031
0.0568029
0.0568027
0.0568026
0.0568024
0.0568023
0.0568021
0.056802
0.0568018
0.0568017
0.0568015
0.0568014
0.0568012
0.0568011
0.056801
0.0568008
0.0568007
0.0568005
0.0568004
0.0568003
0.0568002
0.0568
0.0567999
0.0567998
0.0567996
0.0567995
0.0567994
0.0567993
0.0567992
0.056799
0.0567989
0.0567988
0.0567987
0.0567986
0.0567985
0.0567984
0.0567982
0.0567981
0.056798
0.0567979
0.0567978
0.0567977
0.0567976
0.0567975
0.0567974
0.0567973
0.0567972
0.0567971
0.056797
0.0567969
0.0567968
0.0567967
0.0567966
0.0567966
0.0567965
0.0567964
0.0567963
0.0567962
0.0567961
0.056796
0.0567959
0.0567959
0.0567958
0.0567957
0.0567956
0.0567955
0.0567955
0.0567954
0.0567953
0.0567952
0.0567952
0.0567951
0.056795
0.0567949
0.0567949
0.0567948
0.0567947
0.0567946
0.0567946
0.0567945
0.0567944
0.0567944
0.0567943
0.0567942
0.0567942
0.0567941
0.056794
0.056794
0.0567939
0.0567939
0.0567938
0.0567937
0.0567937
0.0567936
0.0567936
0.0567935
0.0567934
0.0567934
0.0567933
0.0567933
0.0567932
0.0567932
0.0567931
0.0567931
0.056793
0.056793
0.0567929
0.0567928
0.0567928
0.0567927
0.0567927
0.0567926
0.0567926
0.0567926
0.0567925
0.0567925
0.0567924
0.0567924
0.0567923
0.0567923
0.0567922
0.0567922
0.0567921
0.0567921
0.0567921
0.056792
0.056792
0.0567919
0.0567919
0.0567919
0.0567918
0.0567918
0.0567917
0.0567917
0.0567917
0.0567916
0.0567916
0.0567915
0.0567915
0.0567915
0.0567914
0.0567914
0.0567914
0.0567913
0.0567913
0.0567913
0.0567912
0.0567912
0.0567912
0.0567911
0.0567911
0.0567911
0.056791
0.056791
0.056791
0.0567909
0.0567909
0.0567909
0.0567908
0.0567908
0.0567908
0.0567908
0.0567907
0.0567907
0.0567907
0.0567906
0.0567906
0.0567906
0.0567906
0.0567905
0.0567905
0.0567905
0.0567905
0.0567904
0.0567904
0.0567904
0.0567904
0.0567903
0.0567903
0.0567903
0.0567903
0.0567902
0.0567902
0.0567902
0.0567902
0.0567901
0.0567901
0.0567901
0.0567901
0.0567901
0.05679
0.05679
0.05679
0.05679
0.05679
0.0567899
0.0567899
0.0567899
0.0567899
0.0567899
0.0567898
0.0567898
0.0567898
0.0567898
0.0567898
0.0567897
0.0567897
0.0567897
0.0567897
0.0567897
0.0567897
0.0567896
0.0567896
0.0567896
0.0567896
0.0567896
0.0567896
0.0567895
0.0567895
0.0567895
0.0567895
0.0567895
0.0567895
0.0567894
0.0567894
0.0567894
0.0567894
0.0567894
0.0567894
0.0567894
0.0567893
0.0567893
0.0567893
0.0567893
0.0567893
0.0567893
0.0567893
0.0567892
0.0567892
0.0567892
0.0567892
0.0567892
0.0567892
0.0567892
0.0567892
0.0567891
0.0567891
0.0567891
0.0567891
0.0567891
0.0567891
0.0567891
0.0567891
0.0567891
0.056789
0.056789
0.056789
0.056789
0.056789
0.056789
0.056789
0.056789
0.056789
0.0567889
0.0567889
0.0567889
0.0567889
0.0567889
0.0567889
0.0567889
0.0567889
0.0567889
0.0567889
0.0567888
0.0567888
0.0567888
0.0567888
0.0567888
0.0567888
0.0567888
0.0567888
0.0567888
0.0567888
0.0567888
0.0567888
0.0567887
0.0567887
0.0567887
0.0567887
0.0567887
0.0567887
0.0567887
0.0567887
0.0567887
0.0567887
0.0567887
0.0567887
0.0567887
0.0567886
0.0567886
0.0567886
0.0567886
0.0567886
0.0567886
0.0567886
0.0567886
0.0567886
0.0567886
0.0567886
0.0567886
0.0567886
0.0567886
0.0567886
0.0567885
0.0567885
0.0567885
0.0567885
0.0567885
0.0567885
0.0567885
0.0567885
0.0567885
0.0567885
0.0567885
0.0567885
0.0567885
0.0567885
0.0567885
0.0567885
0.0567885
0.0567885
0.0567884
0.0567884
0.0567884
0.0567884
0.0567884
0.0567884
0.0567884
0.0567884
0.0567884
0.0567884
0.0567884
0.0567884
0.0567884
0.0567884
0.0567884
0.0567884
0.0567884
0.0567884
0.0567884
0.0567884
0.0567884
0.0567884
0.0567883
0.0567883
0.0567883
0.0567883
0.0567883
0.0567883
0.0567883
0.0567883
0.0567883
0.0567883
0.0567883
0.0567883
0.0567883
0.0567883
0.0567883
0.0567883
0.0567883
0.0567883
0.0567883
0.0567883
0.0567883
0.0567883
0.0567883
0.0567883
0.0567883
0.0567883
0.0567883
0.0567883
0.0567882
0.0567882
0.0567882
0.0567882
0.0567882
0.0567882
0.0567882
0.0567882
0.0567882
0.0567882
0.0567882
0.0567882
0.0567882
0.0567882
0.0567882
0.0567882
0.0567882
0.0567882
0.0567882
0.0567882
0.0567882
0.0567882
0.0567882
0.0567882
0.0567882
0.0567882
0.0567882
0.0567882
0.0567882
0.0567882
0.0567882
0.0567882
0.0567882
0.0567882
0.0567882
0.0567882
0.0567882
0.0567882
0.0567882
0.0567881
0.0567881
0.0567881
0.0567881
0.0567881
0.0567881
0.0567881
0.0567881
0.0567881
0.0567881
0.0567881
0.0567881
0.0567881
0.0567881
0.0567881
0.0567881
0.0567881
0.0567881
0.0567881
0.0567881
0.0567881
0.0567881
0.0567881
0.0567881
0.0567881
0.0567881
0.0567881
0.0567881
0.0567881
0.0567881
0.0567881
0.0567881
0.0567881
0.0567881
0.0567881
0.0567881
0.0567881
0.0567881
0.0567881
0.0567881
