0.100569
0.0811793
0.0730398
0.0685323
0.0656791
0.0637265
0.0623204
0.0612709
0.0604665
0.059837
0.0593365
0.0589331
0.0586044
0.0583341
0.05811
0.0579229
0.0577659
0.0576333
0.0575208
0.0574251
0.0573432
0.0572729
0.0572125
0.0571602
0.0571151
0.0570758
0.0570417
0.057012
0.056986
0.0569633
0.0569433
0.0569258
0.0569104
0.0568969
0.0568849
0.0568743
0.056865
0.0568567
0.0568494
0.0568428
0.0568371
0.0568319
0.0568273
0.0568232
0.0568196
0.0568164
0.0568135
0.0568109
0.0568086
0.0568065
0.0568046
0.056803
0.0568015
0.0568001
0.0567989
0.0567979
0.0567969
0.056796
0.0567952
0.0567945
0.0567939
0.0567933
0.0567928
0.0567923
0.0567919
0.0567915
0.0567912
0.0567909
0.0567906
0.0567904
0.0567901
0.0567899
0.0567897
0.0567896
0.0567894
0.0567893
0.0567892
0.056789
0.0567889
0.0567889
0.0567888
0.0567887
0.0567886
0.0567886
0.0567885
0.0567884
0.0567884
0.0567884
0.0567883
0.0567883
0.0567883
0.0567882
0.0567882
0.0567882
0.0567882
0.0567881
0.0567881
0.0567881
0.0567881
0.0567881
0.0567881
0.056788
0.056788
0.056788
0.056788
0.056788
0.056788
0.056788
0.056788
0.056788
0.056788
0.056788
0.056788
0.056788
0.056788
0.056788
0.056788
0.056788
0.056788
0.056788
0.056788
0.0567879
0.0567879
0.0567879
0.0567879
0.0567879
0.0567879
0.0567879
0.0567879
0.0567879
0.0567879
0.0567879
0.0567879
0.0567879
0.0567879
0.0567879
0.0567879
0.0567879
0.0567879
0.0567879
0.0567879
0.0567879
0.0567879
0.0567879
0.0567879
0.0567879
0.0567879
0.0567879
0.0567879
0.0567879
0.0567879
0.0567879
0.0567879
0.0567879
0.0567879
0.0567879
0.0567879
0.0567879
0.0567879
0.0567879
0.0567879
0.0567879
0.0567879
0.0567879
0.0567879
0.0567879
0.0567879
0.0567879
0.0567879
0.0567879
0.0567879
0.0567879
0.0567879
0.0567879
0.0567879
0.0567879
0.0567879
0.0567879
0.0567879
0.0567879
0.0567879
0.0567879
0.0567879
0.0567879
0.0567879
0.0567879
0.0567879
0.0567879
0.0567879
0.0567879
0.0567879
0.0567879
0.0567879
0.0567879
0.0567879
0.0567879
0.0567879
0.0567879
0.0567879
0.0567879
0.0567879
0.0567879
0.0567879
0.0567879
0.0567879
0.0567879
0.0567879
0.0567879
0.0567879
0.0567879
0.0567879
0.0567879
0.0567879
0.0567879
0.0567879
0.0567879
0.0567879
0.0567879
0.0567879
0.0567879
0.0567879
0.0567879
0.0567879
0.0567879
0.0567879
0.0567879
0.0567879
0.0567879
0.0567879
0.0567879
0.0567879
0.0567879
0.0567879
0.0567879
0.0567879
0.0567879
0.0567879
0.0567879
0.0567879
0.0567879
0.0567879
0.0567879
0.0567879
0.0567879
0.0567879
0.0567879
0.0567879
0.0567879
0.0567879
0.0567879
0.0567879
0.0567879
0.0567879
0.0567879
0.0567879
0.0567879
0.0567879
0.0567879
0.0567879
