1.25174
1.0127
0.862605
0.760763
0.687157
0.631242
0.587082
0.55113
0.521149
0.49566
0.473647
0.454387
0.437351
0.422142
0.408454
0.396049
0.38474
0.374373
0.364824
0.355992
0.34779
0.340148
0.333004
0.326306
0.32001
0.314077
0.308474
0.303171
0.298143
0.293366
0.28882
0.284487
0.280352
0.276399
0.272616
0.26899
0.265512
0.262171
0.258959
0.255868
0.25289
0.250018
0.247247
0.244571
0.241984
0.239482
0.23706
0.234714
0.23244
0.230234
0.228094
0.226015
0.223996
0.222033
0.220124
0.218266
0.216457
0.214696
0.212979
0.211306
0.209674
0.208082
0.206528
0.205011
0.203529
0.20208
0.200665
0.199281
0.197927
0.196603
0.195307
0.194038
0.192795
0.191578
0.190385
0.189217
0.188071
0.186947
0.185845
0.184764
0.183703
0.182662
0.181639
0.180636
0.17965
0.178681
0.17773
0.176795
0.175875
0.174972
0.174083
0.173209
0.17235
0.171504
0.170672
0.169853
0.169047
0.168254
0.167472
0.166703
0.165945
0.165198
0.164463
0.163738
0.163024
0.16232
0.161626
0.160942
0.160268
0.159603
0.158947
0.1583
0.157661
0.157032
0.15641
0.155797
0.155192
0.154595
0.154005
0.153423
0.152848
0.152281
0.15172
0.151167
0.15062
0.15008
0.149546
0.149019
0.148498
0.147983
0.147475
0.146972
0.146475
0.145983
0.145498
0.145017
0.144542
0.144073
0.143608
0.143149
0.142695
0.142245
0.141801
0.141361
0.140926
0.140495
0.140069
0.139648
0.139231
0.138818
0.138409
0.138004
0.137604
0.137207
0.136815
0.136426
0.136041
0.13566
0.135283
0.134909
0.134539
0.134172
0.133809
0.133449
0.133093
0.13274
0.13239
0.132044
0.1317
0.13136
0.131023
0.130689
0.130357
0.130029
0.129704
0.129381
0.129062
0.128745
0.128431
0.12812
0.127811
0.127505
0.127201
0.1269
0.126602
0.126306
0.126013
0.125722
0.125433
0.125147
0.124863
0.124581
0.124302
0.124025
0.12375
0.123477
0.123207
0.122938
0.122672
0.122407
0.122145
0.121885
0.121627
0.121371
0.121116
0.120864
0.120614
0.120365
0.120118
0.119873
0.11963
0.119389
0.11915
0.118912
0.118676
0.118442
0.118209
0.117978
0.117749
0.117521
0.117295
0.11707
0.116848
0.116626
0.116406
0.116188
0.115971
0.115756
0.115542
0.11533
0.115119
0.11491
0.114702
0.114495
0.11429
0.114086
0.113883
0.113682
0.113482
0.113283
0.113086
0.11289
0.112695
0.112502
0.11231
0.112119
0.111929
0.11174
0.111553
0.111367
0.111182
0.110998
0.110815
0.110633
0.110453
0.110273
0.110095
0.109918
0.109742
0.109567
0.109393
0.10922
0.109048
0.108877
0.108707
0.108538
0.108371
0.108204
0.108038
0.107873
0.107709
0.107546
0.107384
0.107223
0.107063
0.106904
0.106745
0.106588
0.106431
0.106276
0.106121
0.105967
0.105814
0.105662
0.10551
0.10536
0.10521
0.105061
0.104913
0.104766
0.10462
0.104474
0.104329
0.104185
0.104042
0.103899
0.103758
0.103617
0.103476
0.103337
0.103198
0.10306
0.102923
0.102786
0.102651
0.102515
0.102381
0.102247
0.102114
0.101982
0.10185
0.101719
0.101589
0.101459
0.10133
0.101202
0.101074
0.100947
0.10082
0.100695
0.100569
0.100445
0.100321
0.100198
0.100075
0.0999527
0.0998312
0.0997103
0.0995899
0.0994701
0.099351
0.0992324
0.0991143
0.0989969
0.0988799
0.0987636
0.0986478
0.0985326
0.0984179
0.0983037
0.0981901
0.098077
0.0979644
0.0978524
0.0977409
0.0976299
0.0975194
0.0974095
0.0973
0.0971911
0.0970826
0.0969747
0.0968672
0.0967602
0.0966537
0.0965477
0.0964422
0.0963371
0.0962325
0.0961284
0.0960248
0.0959216
0.0958189
0.0957166
0.0956148
0.0955134
0.0954125
0.095312
0.0952119
0.0951123
0.0950132
0.0949144
0.0948161
0.0947182
0.0946207
0.0945237
0.0944271
0.0943308
0.094235
0.0941396
0.0940446
0.0939501
0.0938559
0.0937621
0.0936687
0.0935757
0.0934831
0.0933908
0.093299
0.0932075
0.0931165
0.0930257
0.0929354
0.0928455
0.0927559
0.0926667
0.0925778
0.0924893
0.0924012
0.0923134
0.092226
0.0921389
0.0920522
0.0919659
0.0918798
0.0917942
0.0917088
0.0916239
0.0915392
0.0914549
0.0913709
0.0912873
0.091204
0.091121
0.0910383
0.090956
0.090874
0.0907923
0.0907109
0.0906298
0.0905491
0.0904687
0.0903885
0.0903087
0.0902292
0.09015
0.0900711
0.0899925
0.0899142
0.0898362
0.0897585
0.0896811
0.089604
0.0895272
0.0894506
0.0893744
0.0892984
0.0892228
0.0891474
0.0890722
0.0889974
0.0889229
0.0888486
0.0887746
0.0887008
0.0886274
0.0885542
0.0884813
0.0884086
0.0883362
0.0882641
0.0881922
0.0881206
0.0880493
0.0879782
0.0879073
0.0878368
0.0877664
0.0876964
0.0876266
0.087557
0.0874877
0.0874186
0.0873498
0.0872812
0.0872128
0.0871447
0.0870769
0.0870092
0.0869418
0.0868747
0.0868078
0.0867411
0.0866746
0.0866084
0.0865424
0.0864767
0.0864111
0.0863458
0.0862808
0.0862159
0.0861513
0.0860868
0.0860226
0.0859587
0.0858949
0.0858314
0.085768
0.0857049
0.085642
0.0855793
0.0855169
0.0854546
0.0853926
0.0853307
0.0852691
0.0852076
0.0851464
0.0850854
0.0850245
0.0849639
0.0849035
0.0848433
0.0847832
0.0847234
0.0846638
0.0846044
0.0845451
0.0844861
0.0844272
0.0843685
0.0843101
0.0842518
0.0841937
0.0841358
0.0840781
0.0840205
0.0839632
0.083906
0.083849
0.0837922
0.0837356
0.0836792
0.0836229
0.0835668
0.0835109
0.0834552
0.0833997
0.0833443
0.0832891
0.0832341
0.0831792
0.0831245
0.08307
0.0830157
0.0829615
0.0829075
0.0828537
0.0828
0.0827465
0.0826932
0.08264
0.082587
0.0825342
0.0824815
0.082429
0.0823766
0.0823244
0.0822724
0.0822205
0.0821688
0.0821172
0.0820658
0.0820146
0.0819635
0.0819125
0.0818617
0.0818111
0.0817606
0.0817103
0.0816601
0.0816101
0.0815602
0.0815104
0.0814609
0.0814114
0.0813621
0.081313
0.081264
0.0812151
0.0811664
0.0811178
0.0810694
0.0810211
0.080973
0.080925
0.0808771
0.0808294
0.0807818
0.0807344
0.0806871
0.0806399
0.0805929
0.080546
0.0804992
0.0804526
0.0804061
0.0803597
0.0803135
0.0802674
0.0802214
0.0801756
0.0801299
0.0800843
0.0800389
0.0799936
0.0799484
0.0799033
0.0798584
0.0798136
0.0797689
0.0797244
0.07968
0.0796357
0.0795915
0.0795474
0.0795035
0.0794597
0.079416
0.0793725
0.079329
0.0792857
0.0792425
0.0791994
0.0791564
0.0791136
0.0790709
0.0790283
0.0789858
0.0789434
0.0789011
0.078859
0.078817
0.078775
0.0787332
0.0786915
0.07865
0.0786085
0.0785672
0.0785259
0.0784848
0.0784438
0.0784029
0.0783621
0.0783214
0.0782808
0.0782404
0.0782
0.0781597
0.0781196
0.0780796
0.0780396
0.0779998
0.0779601
0.0779205
0.077881
0.0778416
0.0778023
0.0777631
0.077724
0.077685
0.0776461
0.0776073
0.0775686
0.07753
0.0774915
0.0774531
0.0774149
0.0773767
0.0773386
0.0773006
0.0772627
0.0772249
0.0771872
0.0771496
0.0771121
0.0770747
0.0770374
0.0770002
0.0769631
0.0769261
0.0768892
0.0768523
0.0768156
0.0767789
0.0767424
0.0767059
0.0766696
0.0766333
0.0765971
0.076561
0.076525
0.0764891
0.0764533
0.0764176
0.0763819
0.0763464
0.0763109
0.0762755
0.0762402
0.0762051
0.0761699
0.0761349
0.0761
0.0760651
0.0760304
0.0759957
0.0759611
0.0759266
0.0758922
0.0758579
0.0758236
0.0757894
0.0757554
0.0757214
0.0756874
0.0756536
0.0756199
0.0755862
0.0755526
0.0755191
0.0754857
0.0754524
0.0754191
0.0753859
0.0753528
0.0753198
0.0752869
0.075254
0.0752212
0.0751885
0.0751559
0.0751233
0.0750909
0.0750585
0.0750262
0.0749939
0.0749618
0.0749297
0.0748977
0.0748658
0.0748339
0.0748021
0.0747704
0.0747388
0.0747072
0.0746758
0.0746444
0.074613
0.0745818
0.0745506
0.0745195
0.0744884
0.0744575
0.0744266
0.0743958
0.074365
0.0743343
0.0743037
0.0742732
0.0742427
0.0742123
0.074182
0.0741518
0.0741216
0.0740915
0.0740614
0.0740314
0.0740015
0.0739717
0.0739419
0.0739122
0.0738826
0.073853
0.0738235
0.0737941
0.0737648
0.0737355
0.0737062
0.0736771
0.073648
0.0736189
0.07359
0.0735611
0.0735322
0.0735035
0.0734748
0.0734461
0.0734176
0.073389
0.0733606
0.0733322
0.0733039
0.0732756
0.0732474
0.0732193
0.0731913
0.0731632
0.0731353
0.0731074
0.0730796
0.0730519
0.0730242
0.0729965
0.072969
0.0729414
0.072914
0.0728866
0.0728593
0.072832
0.0728048
0.0727776
0.0727505
0.0727235
0.0726965
0.0726696
0.0726428
0.072616
0.0725892
0.0725626
0.0725359
0.0725094
0.0724829
0.0724564
0.07243
0.0724037
0.0723774
0.0723512
0.072325
0.0722989
0.0722729
0.0722469
0.0722209
0.0721951
0.0721692
0.0721435
0.0721177
0.0720921
0.0720665
0.0720409
0.0720154
0.07199
0.0719646
0.0719392
0.071914
0.0718887
0.0718635
0.0718384
0.0718134
0.0717883
0.0717634
0.0717385
0.0717136
0.0716888
0.071664
0.0716393
0.0716147
0.0715901
0.0715655
0.071541
0.0715166
0.0714922
0.0714679
0.0714436
0.0714193
0.0713951
0.071371
0.0713469
0.0713228
0.0712989
0.0712749
0.071251
0.0712272
0.0712034
0.0711796
0.0711559
0.0711323
0.0711087
0.0710851
0.0710616
0.0710382
0.0710148
0.0709914
0.0709681
0.0709448
0.0709216
0.0708984
0.0708753
0.0708522
0.0708292
0.0708062
0.0707833
0.0707604
0.0707376
0.0707148
0.070692
0.0706693
0.0706467
0.070624
0.0706015
0.0705789
0.0705565
0.070534
0.0705117
0.0704893
0.070467
0.0704448
0.0704225
0.0704004
0.0703783
0.0703562
0.0703342
0.0703122
0.0702902
0.0702683
0.0702465
0.0702246
0.0702029
0.0701811
0.0701595
0.0701378
0.0701162
0.0700947
0.0700731
0.0700517
0.0700302
0.0700088
0.0699875
0.0699662
0.0699449
0.0699237
0.0699025
0.0698814
0.0698603
0.0698392
0.0698182
0.0697972
0.0697763
0.0697554
0.0697346
0.0697137
0.069693
0.0696722
0.0696515
0.0696309
0.0696103
0.0695897
0.0695692
0.0695487
0.0695282
0.0695078
0.0694874
0.0694671
0.0694468
0.0694265
0.0694063
0.0693861
0.069366
0.0693459
0.0693258
0.0693058
0.0692858
0.0692658
0.0692459
0.069226
0.0692062
0.0691864
0.0691666
0.0691469
0.0691272
0.0691076
0.0690879
0.0690684
0.0690488
0.0690293
0.0690099
0.0689904
0.068971
0.0689517
0.0689323
0.0689131
0.0688938
0.0688746
0.0688554
0.0688363
0.0688172
0.0687981
0.068779
0.06876
0.0687411
0.0687221
0.0687033
0.0686844
0.0686656
0.0686468
0.068628
0.0686093
0.0685906
0.068572
0.0685533
0.0685348
0.0685162
0.0684977
0.0684792
0.0684608
0.0684423
0.068424
0.0684056
0.0683873
0.068369
0.0683508
0.0683326
0.0683144
0.0682962
0.0682781
0.06826
0.068242
0.068224
0.068206
0.068188
