0.176966
0.132404
0.112403
0.1008
0.0930957
0.0875538
0.0833528
0.0800485
0.0773771
0.0751712
0.0733187
0.0717416
0.0703835
0.0692026
0.0681674
0.0672534
0.0664414
0.0657161
0.0650649
0.0644779
0.0639465
0.0634638
0.063024
0.0626221
0.0622537
0.0619153
0.0616037
0.0613162
0.0610504
0.0608042
0.0605757
0.0603635
0.0601659
0.0599818
0.05981
0.0596494
0.0594992
0.0593585
0.0592267
0.0591029
0.0589867
0.0588774
0.0587745
0.0586776
0.0585863
0.0585002
0.0584189
0.0583422
0.0582696
0.0582009
0.058136
0.0580745
0.0580162
0.057961
0.0579086
0.0578589
0.0578117
0.0577668
0.0577242
0.0576837
0.0576452
0.0576086
0.0575737
0.0575405
0.0575089
0.0574787
0.05745
0.0574226
0.0573964
0.0573715
0.0573477
0.057325
0.0573033
0.0572825
0.0572627
0.0572438
0.0572257
0.0572084
0.0571918
0.057176
0.0571608
0.0571463
0.0571324
0.0571191
0.0571063
0.0570941
0.0570824
0.0570712
0.0570605
0.0570502
0.0570403
0.0570308
0.0570217
0.057013
0.0570046
0.0569965
0.0569888
0.0569814
0.0569743
0.0569675
0.0569609
0.0569546
0.0569485
0.0569427
0.0569371
0.0569317
0.0569265
0.0569216
0.0569168
0.0569122
0.0569077
0.0569035
0.0568994
0.0568954
0.0568916
0.056888
0.0568845
0.0568811
0.0568778
0.0568747
0.0568717
0.0568687
0.0568659
0.0568632
0.0568606
0.0568581
0.0568557
0.0568534
0.0568511
0.056849
0.0568469
0.0568449
0.0568429
0.0568411
0.0568393
0.0568375
0.0568359
0.0568342
0.0568327
0.0568312
0.0568297
0.0568283
0.056827
0.0568257
0.0568244
0.0568232
0.056822
0.0568209
0.0568198
0.0568188
0.0568177
0.0568167
0.0568158
0.0568149
0.056814
0.0568131
0.0568123
0.0568115
0.0568108
0.05681
0.0568093
0.0568086
0.0568079
0.0568073
0.0568066
0.056806
0.0568055
0.0568049
0.0568043
0.0568038
0.0568033
0.0568028
0.0568023
0.0568019
0.0568014
0.056801
0.0568006
0.0568002
0.0567998
0.0567994
0.056799
0.0567987
0.0567983
0.056798
0.0567977
0.0567974
0.0567971
0.0567968
0.0567965
0.0567963
0.056796
0.0567957
0.0567955
0.0567953
0.056795
0.0567948
0.0567946
0.0567944
0.0567942
0.056794
0.0567938
0.0567936
0.0567934
0.0567933
0.0567931
0.0567929
0.0567928
0.0567926
0.0567925
0.0567923
0.0567922
0.0567921
0.056792
0.0567918
0.0567917
0.0567916
0.0567915
0.0567914
0.0567913
0.0567912
0.0567911
0.056791
0.0567909
0.0567908
0.0567907
0.0567906
0.0567905
0.0567905
0.0567904
0.0567903
0.0567902
0.0567902
0.0567901
0.05679
0.05679
0.0567899
0.0567898
0.0567898
0.0567897
0.0567897
0.0567896
0.0567896
0.0567895
0.0567895
0.0567894
0.0567894
0.0567893
0.0567893
0.0567893
0.0567892
0.0567892
0.0567891
0.0567891
0.0567891
0.056789
0.056789
0.056789
0.0567889
0.0567889
0.0567889
0.0567889
0.0567888
0.0567888
0.0567888
0.0567887
0.0567887
0.0567887
0.0567887
0.0567887
0.0567886
0.0567886
0.0567886
0.0567886
0.0567886
0.0567885
0.0567885
0.0567885
0.0567885
0.0567885
0.0567885
0.0567884
0.0567884
0.0567884
0.0567884
0.0567884
0.0567884
0.0567884
0.0567883
0.0567883
0.0567883
0.0567883
0.0567883
0.0567883
0.0567883
0.0567883
0.0567883
0.0567882
0.0567882
0.0567882
0.0567882
0.0567882
0.0567882
0.0567882
0.0567882
0.0567882
0.0567882
0.0567882
0.0567882
0.0567882
0.0567881
0.0567881
0.0567881
0.0567881
0.0567881
0.0567881
0.0567881
0.0567881
0.0567881
0.0567881
0.0567881
0.0567881
0.0567881
0.0567881
0.0567881
0.0567881
0.0567881
0.0567881
0.0567881
0.0567881
0.056788
0.056788
0.056788
0.056788
0.056788
0.056788
0.056788
0.056788
0.056788
0.056788
0.056788
0.056788
0.056788
0.056788
0.056788
0.056788
0.056788
0.056788
0.056788
0.056788
0.056788
0.056788
0.056788
0.056788
0.056788
0.056788
0.056788
0.056788
0.056788
0.056788
0.056788
0.056788
0.056788
0.056788
0.056788
0.056788
0.056788
0.056788
0.056788
0.056788
0.056788
0.056788
0.056788
0.056788
0.056788
0.056788
0.056788
0.056788
0.056788
0.056788
0.056788
0.056788
0.056788
0.056788
0.056788
0.056788
0.056788
0.056788
0.056788
0.056788
0.056788
0.056788
0.056788
0.0567879
0.0567879
0.0567879
0.0567879
0.0567879
0.0567879
